00111010101010010100 00111010101010010100 00000101010101101011 00000101010101101011 00000101010101101011 00000010101010010100 00000001010101101011 00000000101010010100 00000000010101101011 00000000001010010100 00000000000101101011 00000000000010010100 00000000000001101011 00000000000000010100 00000000000000010100 00000000000000001011 00000000000000000100 00000000000000000011 00000000000000000000 00000000000000000000 
01110101000101111110 00001010111010000001 00001010111010000001 00001010111010000001 00000101000101111110 00000010111010000001 00000001000101111110 00000000111010000001 00000000000101111110 00000000000101111110 00000000000101111110 00000000000010000001 00000000000001111110 00000000000000000001 00000000000000000001 00000000000000000001 00000000000000000001 00000000000000000001 00000000000000000001 00000000000000000000 
01010111001110110011 00101000110001001100 00010111001110110011 00001000110001001100 00000111001110110011 00000000110001001100 00000000110001001100 00000000110001001100 00000000001110110011 00000000001110110011 00000000000001001100 00000000000001001100 00000000000001001100 00000000000000110011 00000000000000001100 00000000000000001100 00000000000000000011 00000000000000000011 00000000000000000000 00000000000000000000 
01100101100100010111 00011010011011101000 00011010011011101000 00000101100100010111 00000101100100010111 00000010011011101000 00000001100100010111 00000000011011101000 00000000011011101000 00000000000100010111 00000000000100010111 00000000000011101000 00000000000000010111 00000000000000010111 00000000000000010111 00000000000000001000 00000000000000000111 00000000000000000000 00000000000000000000 00000000000000000000 
00010011111100001100 00010011111100001100 00010011111100001100 00001100000011110011 00000011111100001100 00000011111100001100 00000000000011110011 00000000000011110011 00000000000011110011 00000000000011110011 00000000000011110011 00000000000011110011 00000000000000001100 00000000000000001100 00000000000000001100 00000000000000001100 00000000000000000011 00000000000000000011 00000000000000000000 00000000000000000000 
00101100101111010100 00101100101111010100 00010011010000101011 00001100101111010100 00000011010000101011 00000011010000101011 00000000101111010100 00000000101111010100 00000000010000101011 00000000001111010100 00000000000000101011 00000000000000101011 00000000000000101011 00000000000000101011 00000000000000010100 00000000000000001011 00000000000000000100 00000000000000000011 00000000000000000000 00000000000000000000 
01111111001000100010 00000000110111011101 00000000110111011101 00000000110111011101 00000000110111011101 00000000110111011101 00000000110111011101 00000000110111011101 00000000001000100010 00000000001000100010 00000000000111011101 00000000000000100010 00000000000000100010 00000000000000100010 00000000000000011101 00000000000000000010 00000000000000000010 00000000000000000010 00000000000000000001 00000000000000000000 
01001100001110011010 00110011110001100101 00001100001110011010 00001100001110011010 00000011110001100101 00000011110001100101 00000000001110011010 00000000001110011010 00000000001110011010 00000000001110011010 00000000000001100101 00000000000001100101 00000000000001100101 00000000000000011010 00000000000000011010 00000000000000000101 00000000000000000101 00000000000000000010 00000000000000000001 00000000000000000000 
00110101010111000001 00010101000111100001 00001000101000100100 00001010101000011110 00000101010111000001 00000010101000011110 00000001000111100001 00000000101000011110 00000000010111000001 00000000001000100100 00000000000111000001 00000000000000011110 00000000000000011110 00000000000000011110 00000000000000011010 00000000000000000001 00000000000000000001 00000000000000000001 00000000000000000001 00000000000000000000 
01000011110101010111 00111100001010101000 00000011110101010111 00000011110101010111 00000011110101010111 00000011110101010111 00000000001010101000 00000000001010101000 00000000001010101000 00000000001010101000 00000000000101010111 00000000000010101000 00000000000001010111 00000000000000101000 00000000000000010111 00000000000000001000 00000000000000000111 00000000000000000000 00000000000000000000 00000000000000000000 
00010011000101101101 00010011000101101101 00010011000101101101 00001100111010010010 00000011000101101101 00000011000101101101 00000000111010010010 00000000111010010010 00000000000101101101 00000000000101101101 00000000000101101101 00000000000010010010 00000000000001101101 00000000000000010010 00000000000000010010 00000000000000001101 00000000000000000010 00000000000000000010 00000000000000000001 00000000000000000000 
00000011100001011111 00100111011000000010 00000000100001011101 00000011100001011111 00000011100001011111 00000000100001011101 00000000000110100000 00000000000110100000 00000000011110100000 00000000000001011101 00000000000001011101 00000000000001011111 00000000000001011111 00000000000000100000 00000000000000011111 00000000000000000000 00000000000000000000 00000000000000000000 00000000000000000000 00000000000000000000 
01001100001110100000 00110011110001011111 00001100001110100000 00001100001110100000 00000011110001011111 00000011110001011111 00000000001110100000 00000000001110100000 00000000001110100000 00000000001110100000 00000000000001011111 00000000000001011111 00000000000001011111 00000000000000100000 00000000000000011111 00000000000000000000 00000000000000000000 00000000000000000000 00000000000000000000 00000000000000000000 
01000010101001010011 00111101010110101100 00000010101001010011 00000010101001010011 00000010101001010011 00000010101001010011 00000001010110101100 00000000101001010011 00000000010110101100 00000000001001010011 00000000000110101100 00000000000001010011 00000000000001010011 00000000000000101100 00000000000000010011 00000000000000001100 00000000000000000011 00000000000000000011 00000000000000000000 00000000000000000000 
01000110101001110111 00111001010110001000 00000110101001110111 00000110101001110111 00000110101001110111 00000001010110001000 00000001010110001000 00000000101001110111 00000000010110001000 00000000001001110111 00000000000110001000 00000000000001110111 00000000000001110111 00000000000000001000 00000000000000001000 00000000000000001000 00000000000000000111 00000000000000000000 00000000000000000000 00000000000000000000 
01010111110101100100 00101000001010011011 00010111110101100100 00001000001010011011 00000111110101100100 00000000001010011011 00000000001010011011 00000000001010011011 00000000001010011011 00000000001010011011 00000000000101100100 00000000000010011011 00000000000001100100 00000000000000011011 00000000000000011011 00000000000000000100 00000000000000000100 00000000000000000011 00000000000000000000 00000000000000000000 
00110110001110101111 00110110001110101111 00001001110001010000 00001001110001010000 00000110001110101111 00000001110001010000 00000001110001010000 00000000001110101111 00000000001110101111 00000000001110101111 00000000000001010000 00000000000001010000 00000000000001010000 00000000000000101111 00000000000000010000 00000000000000001111 00000000000000000000 00000000000000000000 00000000000000000000 00000000000000000000 
00110111110000000010 00110111110000000010 00001000001111111101 00001000001111111101 00000111110000000010 00000000001111111101 00000000001111111101 00000000001111111101 00000000001111111101 00000000001111111101 00000000000000000010 00000000000000000010 00000000000000000010 00000000000000000010 00000000000000000010 00000000000000000010 00000000000000000010 00000000000000000010 00000000000000000001 00000000000000000000 
00110100110110011010 00110100110110011010 00001011001001100101 00001011001001100101 00000100110110011010 00000011001001100101 00000000110110011010 00000000110110011010 00000000001001100101 00000000001001100101 00000000000110011010 00000000000001100101 00000000000001100101 00000000000000011010 00000000000000011010 00000000000000000101 00000000000000000101 00000000000000000010 00000000000000000001 00000000000000000000 
00001100110100101110 00001100110100101110 00001100110100101110 00001100110100101110 00000011001011010001 00000011001011010001 00000000110100101110 00000000110100101110 00000000001011010001 00000000001011010001 00000000000100101110 00000000000011010001 00000000000000101110 00000000000000101110 00000000000000010001 00000000000000001110 00000000000000000001 00000000000000000001 00000000000000000001 00000000000000000000 
